0
256
4
24
0.0882702
0.0884329
0.0884633
0.0883423
0.0882852
0.0888356
0.0886412
0.0883265
0.0883637
0.0891278
0.118427
0.0884023
0.0883362
0.0886599
0.0885088
0.0887591
0.0883726
0.0888595
0.0882844
0.0924255
0.135341
0.0883198
0.0889015
0.0885136
0.0827971
0.0830648
0.0830852
0.0829344
0.0828534
0.0835811
0.0833677
0.0829041
0.0829405
0.0841414
0.130718
0.0829373
0.0828203
0.0833841
0.0831776
0.0834673
0.0829335
0.0836869
0.0828676
0.0863434
0.1423
0.0828432
0.0836849
0.0832083
0.0828436
0.0830714
0.0831207
0.0829697
0.0829375
0.0836561
0.0833312
0.0829376
0.0830314
0.0843827
0.142204
0.0829189
0.0828091
0.0833572
0.0831964
0.0834473
0.0829607
0.08382
0.0829121
0.0838355
0.125115
0.0829101
0.0836554
0.0833385
0.0806138
0.080787
0.0808201
0.0806663
0.080817
0.0815341
0.0809347
0.0806452
0.080837
0.0825974
0.160706
0.0806046
0.0805327
0.0809912
0.0808878
0.0810763
0.0806843
0.0817892
0.0806191
0.0810341
0.107182
0.0807244
0.0812775
0.0812946
0.0783131
0.0784753
0.0784871
0.0783421
0.0785763
0.0793304
0.0785567
0.0783234
0.0785638
0.0805564
0.170665
0.0782606
0.0782168
0.0786116
0.0785454
0.0787089
0.0783636
0.0796312
0.0783134
0.0786636
0.104561
0.0784784
0.0789128
0.0790899
0.0754874
0.075684
0.0757161
0.0755556
0.0757602
0.0765831
0.075773
0.0755186
0.0757761
0.0778687
0.18051
0.0754263
0.0753885
0.0758322
0.0757717
0.0759555
0.0755422
0.076897
0.0755078
0.0759084
0.111255
0.075681
0.0761287
0.0763152
0.075549
0.0757559
0.0758134
0.0756479
0.0758281
0.0766609
0.0758593
0.0755912
0.0758556
0.0779551
0.183536
0.075506
0.0754611
0.0759069
0.0758701
0.0760409
0.0756149
0.0769739
0.0755869
0.0759966
0.10821
0.0757358
0.0761928
0.0763804
0.0769824
0.0771692
0.0771865
0.07706
0.0772628
0.0780452
0.0772115
0.0770215
0.0772488
0.0793063
0.184928
0.0769187
0.0768903
0.0772757
0.077221
0.0774058
0.0770394
0.0783494
0.0770049
0.0773246
0.0975254
0.0771499
0.0775301
0.0777919
0.0786126
0.078775
0.0787385
0.0786519
0.0788916
0.0796086
0.0787675
0.0786404
0.0788412
0.0808455
0.186495
0.0785004
0.0785063
0.0788496
0.0787626
0.0789519
0.078656
0.0799094
0.0786157
0.0788441
0.0843337
0.078768
0.0790708
0.0793997
0.0791423
0.079296
0.0792381
0.0791653
0.07942
0.0801117
0.0792719
0.0791658
0.0793566
0.081342
0.186999
0.0790093
0.0790296
0.0793595
0.0792608
0.0794508
0.0791785
0.0804125
0.0791373
0.079335
0.0798111
0.0792947
0.0795689
0.0799217
0.0795377
0.079688
0.0796259
0.0795552
0.0798133
0.0804991
0.0796608
0.0795586
0.0797497
0.0817149
0.184817
0.0794045
0.0794263
0.0797499
0.0796495
0.0798338
0.079572
0.0807971
0.0795314
0.0797215
0.0797061
0.0796898
0.0799589
0.0803125
0.0823116
0.082452
0.0823934
0.0823305
0.0825661
0.0831937
0.082427
0.0823314
0.0825105
0.0843018
0.17021
0.0822094
0.0822212
0.0825115
0.0824219
0.082578
0.0823519
0.0834628
0.0823207
0.082482
0.0824755
0.0824665
0.0826997
0.0830203
0.0853215
0.0854427
0.0853966
0.0853413
0.0855372
0.0860636
0.0854246
0.0853397
0.0854997
0.0870482
0.158705
0.0852475
0.0852537
0.0855011
0.0854313
0.0855474
0.0853543
0.0863071
0.0853384
0.0854653
0.0854648
0.0854689
0.0856397
0.0859328
0.0887556
0.0888445
0.088815
0.0887677
0.088922
0.0893352
0.0888342
0.0887598
0.0889095
0.0901376
0.146261
0.088703
0.0887075
0.0888993
0.0888557
0.0889307
0.0887851
0.0895255
0.0887543
0.0888436
0.0888764
0.0888812
0.0889825
0.089245
0.0915534
0.0916264
0.0915973
0.0915719
0.0916834
0.0919831
0.091615
0.0915556
0.0916555
0.0925382
0.135489
0.0915295
0.0915187
0.0916684
0.0916304
0.0916865
0.0915927
0.0921196
0.0915544
0.0916301
0.0916662
0.0923083
0.0917096
0.0919032
0.0957434
0.0958067
0.0957797
0.0957938
0.0957785
0.0959303
0.0958001
0.0957821
0.0957845
0.0960983
0.118381
0.095736
0.0957395
0.0958123
0.0957847
0.0958436
0.095772
0.0959659
0.0957698
0.0958338
0.0957719
0.0983364
0.0958128
0.0958547
0.076844
0.0770422
0.0774015
0.0770051
0.0769706
0.0790656
0.07763
0.0772543
0.07791
0.079434
0.134512
0.0883893
0.0774158
0.0775687
0.0773809
0.0789487
0.0772283
0.079052
0.0882897
0.117458
0.134381
0.0856933
0.0788778
0.0789436
0.061425
0.0618528
0.0622834
0.0617204
0.0616116
0.0648843
0.0630611
0.0620128
0.0630493
0.0656799
0.145242
0.086881
0.0624137
0.0628937
0.062561
0.0648411
0.0619286
0.0649841
0.0813369
0.0988028
0.182352
0.0661343
0.0649589
0.0647005
0.0536063
0.0535542
0.0539856
0.053452
0.0602092
0.0573303
0.0550937
0.0537434
0.0551831
0.0584776
0.155012
0.0829652
0.0612652
0.0549401
0.0545093
0.0572258
0.0536056
0.0575034
0.0763135
0.0893879
0.185736
0.0555142
0.0574888
0.0563979
0.0480149
0.0447841
0.0464724
0.0448452
0.0766482
0.0499944
0.0467258
0.0451636
0.047349
0.0516423
0.168991
0.0737224
0.0768992
0.0466379
0.0460458
0.0496122
0.0447432
0.05016
0.0694399
0.0614027
0.176114
0.047521
0.0501036
0.0471291
0.0380947
0.0355101
0.0410875
0.0358279
0.0993694
0.0423693
0.0377106
0.0363487
0.0392058
0.044272
0.172845
0.0640032
0.100794
0.0377116
0.0370264
0.0416386
0.0354379
0.0425005
0.0598777
0.0464926
0.161928
0.0397486
0.0423304
0.0386158
0.02578
0.0269032
0.0451001
0.0275125
0.111772
0.0350924
0.0292691
0.0282577
0.0316025
0.0371416
0.188837
0.0550015
0.111439
0.0293319
0.0286868
0.0341646
0.0267078
0.0352199
0.0510269
0.0336026
0.157291
0.0324255
0.0349036
0.0306816
0.0203863
0.021856
0.0520531
0.0227312
0.127973
0.0312641
0.0242892
0.0237622
0.0274585
0.0333713
0.202981
0.0496342
0.118352
0.0244341
0.0238676
0.0301236
0.021584
0.0314284
0.0457455
0.029307
0.14003
0.0285876
0.0309146
0.0261989
0.0201526
0.0209304
0.0562836
0.0218938
0.132681
0.0308656
0.0232597
0.0232866
0.0270538
0.0330454
0.20398
0.0484792
0.124616
0.023441
0.0230064
0.029653
0.0205456
0.0311691
0.0446375
0.0289056
0.130188
0.0283275
0.0303999
0.0256159
0.0299656
0.023168
0.058563
0.0240156
0.134743
0.0329974
0.0252996
0.0258105
0.0293895
0.0352911
0.205475
0.0505503
0.127453
0.0254912
0.0252352
0.0318033
0.0225714
0.0335535
0.0467736
0.0311409
0.109048
0.0306215
0.0324474
0.027885
0.0488665
0.0282338
0.0591463
0.0289205
0.133952
0.0377319
0.0301425
0.0308485
0.0343023
0.0400352
0.208011
0.0555624
0.123366
0.0303475
0.0301611
0.0365666
0.0275066
0.0384162
0.0518348
0.0358432
0.0790617
0.035462
0.0370812
0.0328267
0.0704281
0.0365963
0.0547667
0.0370132
0.13034
0.045366
0.0381996
0.038919
0.0421605
0.0475546
0.194855
0.0640792
0.1162
0.0384702
0.0381991
0.044132
0.0370029
0.0460905
0.0602763
0.0433414
0.0580331
0.0431785
0.0446068
0.0409699
0.0857568
0.0488099
0.05483
0.0490174
0.119639
0.0559464
0.050093
0.050576
0.053346
0.0578159
0.174944
0.0766608
0.108276
0.0503314
0.050056
0.0550189
0.0560051
0.0566355
0.0694857
0.0542248
0.0554301
0.0540012
0.0552405
0.054298
0.093899
0.0615985
0.0628942
0.061551
0.103509
0.0660974
0.0623643
0.0625308
0.0643434
0.0676376
0.171069
0.0899922
0.0925121
0.0624462
0.0622447
0.0654843
0.0641879
0.0667037
0.0750891
0.0649971
0.0635077
0.0651662
0.0655797
0.069589
0.0881249
0.0734398
0.0731365
0.0733444
0.0833985
0.0756953
0.0738814
0.0737306
0.0746982
0.0768884
0.166472
0.102517
0.079237
0.0737836
0.0736935
0.0753932
0.0729995
0.0761359
0.0793739
0.0752437
0.0742975
0.0826336
0.0753881
0.0903074
0.0827813
0.0803527
0.0802324
0.0803273
0.0813101
0.081527
0.0806511
0.0804428
0.0809385
0.0823723
0.155646
0.107646
0.0803384
0.0804685
0.0804677
0.0814036
0.0800207
0.0818431
0.0813183
0.0814781
0.0807443
0.0979529
0.0813756
0.0971003
0.0866299
0.0868032
0.0868398
0.086825
0.0867377
0.0873877
0.0869892
0.0868561
0.0870571
0.0878131
0.13515
0.109448
0.0868808
0.0868845
0.0869153
0.0874347
0.086558
0.0875703
0.0868507
0.0875467
0.0869757
0.10442
0.0873434
0.100734
0.0568094
0.0955628
0.0582343
0.0570175
0.0583264
0.0671964
0.0589632
0.0709644
0.0700498
0.0675592
0.0875168
0.126181
0.0622795
0.062914
0.057811
0.0649992
0.0586932
0.0667662
0.139366
0.165708
0.0700356
0.0968868
0.0657546
0.0848245
0.0297665
0.0775745
0.0310059
0.0205049
0.0641304
0.0381963
0.024085
0.0348925
0.0378128
0.0390712
0.0982043
0.13503
0.0771389
0.0276093
0.0222324
0.034904
0.0271726
0.0375255
0.133925
0.149731
0.061341
0.0585846
0.0364931
0.0648575
0.0221572
0.0367889
0.0253411
-0.0195293
0.108522
0.00564284
-0.01483
-0.00449777
0.00198897
0.0071381
0.0926712
0.128308
0.109375
-0.0111748
-0.0174121
0.00106505
0.000734806
0.00465951
0.123005
0.105029
0.0538444
0.0201923
0.00367629
0.0248728
-0.00532098
0.00716329
0.0612995
-0.0467131
0.144779
-0.0163323
-0.0429675
-0.0326342
-0.0229326
-0.0141465
0.0578276
0.132998
0.134661
-0.039289
-0.0460071
-0.0226098
-0.00257986
-0.0173808
0.119739
0.0733861
0.0543195
-0.00968775
-0.0185316
-0.0137188
-0.0332487
-0.00916283
0.108492
-0.0518996
0.177134
-0.0280275
-0.0582837
-0.0476917
-0.0362434
-0.0254579
0.0388784
0.12665
0.150811
-0.0547477
-0.0614366
-0.0353099
-0.0204676
-0.0290576
0.128214
0.0438081
0.0738865
-0.0354877
-0.0301193
-0.0437431
-0.0510191
-0.0191301
0.142513
-0.0504074
0.210625
-0.0355554
-0.0676622
-0.0566071
-0.0443715
-0.0328797
0.0338077
0.117148
0.176433
-0.064177
-0.0705833
-0.0431538
-0.0322179
-0.036486
0.122451
0.0129372
0.0869367
-0.0452974
-0.0371997
-0.0569435
-0.0471701
-0.0285678
0.17447
-0.0506301
0.243568
-0.0430925
-0.0762434
-0.0650651
-0.052122
-0.0401573
0.0403039
0.107005
0.202685
-0.0729659
-0.0763355
-0.0509095
-0.0659044
-0.0438517
0.112812
-0.0359838
0.0992457
-0.0527621
-0.0442013
-0.0654926
-0.0188393
-0.0339383
0.185486
-0.0503491
0.251097
-0.0470851
-0.081198
-0.0698914
-0.0562446
-0.0439588
0.0203884
0.101326
0.22155
-0.0779057
-0.0806713
-0.0551265
-0.0790529
-0.047608
0.107092
-0.0563299
0.104949
-0.0567501
-0.048036
-0.0699658
0.0221434
-0.0392792
0.193983
-0.0612515
0.237217
-0.0514614
-0.0864001
-0.0747054
-0.0606866
-0.0479803
0.00661509
0.0956357
0.221162
-0.0829724
-0.0855976
-0.0595006
-0.0800283
-0.0515396
0.101347
-0.0622899
0.10471
-0.0612509
-0.0524819
-0.0744853
0.0393192
-0.0354736
0.194149
-0.0639815
0.209289
-0.0487005
-0.0829305
-0.0706844
-0.0571614
-0.0450044
0.00612554
0.0992982
0.216756
-0.0794945
-0.0820917
-0.0564526
-0.0591786
-0.0482407
0.100942
-0.0588487
0.0869421
-0.0581866
-0.0498635
-0.0625305
0.0663433
-0.0188611
0.17509
-0.0567531
0.170129
-0.0355273
-0.0674143
-0.0542824
-0.0424963
-0.0316945
0.00708136
0.116256
0.196083
-0.0640579
-0.0687337
-0.0426816
-0.036359
-0.0344594
0.0912485
-0.0445415
0.0706789
-0.0404622
-0.0368443
-0.0196972
0.105099
-0.00397464
0.145437
-0.050497
0.137085
-0.0232316
-0.0535845
-0.0398675
-0.0293634
-0.0192927
0.00680115
0.131083
0.173145
-0.0502567
-0.0546855
-0.0299286
-0.000969741
-0.0216692
0.0911596
-0.0315316
0.0473205
0.000885317
-0.0249813
0.0123801
0.14938
0.0163751
0.0996497
-0.0367601
0.127277
-0.00757472
-0.0346685
-0.0207046
-0.0120355
-0.00374529
0.0218963
0.141094
0.156309
-0.0314701
-0.0356766
-0.0134377
0.0263884
-0.00563637
0.0961904
-0.0149969
0.0305057
0.0134417
-0.00929761
0.0308349
0.16706
0.0455365
0.0465605
-0.0120091
0.10074
0.0126446
-0.007653
0.00619872
0.0112647
0.0159542
0.0428941
0.143441
0.123675
-0.0043827
-0.00860998
0.0082799
0.0654715
0.014578
0.0891875
0.00708955
0.0253429
0.0454984
0.0111122
0.0796491
0.135691
0.0853562
0.0419781
0.0272827
0.075663
0.0412754
0.0298274
0.04307
0.0438506
0.0436463
0.0715206
0.167304
0.0812211
0.0332655
0.0289428
0.0386319
0.0513722
0.0426472
0.0619521
0.0386414
0.0414873
0.0895478
0.0406492
0.131536
0.0695268
0.10826
0.0570241
0.0567686
0.0587459
0.0637441
0.0578739
0.070517
0.0685205
0.0652793
0.080504
0.17308
0.0576034
0.0615582
0.0571424
0.0618546
0.0566408
0.0644159
0.0615632
0.0628034
0.0618038
0.166711
0.0633747
0.14886
-0.0282492
0.242192
-0.0361427
-0.0616608
-0.00491925
-0.0227165
-0.0571379
0.159154
0.107424
-0.0205077
-0.00988044
0.0858858
-0.00149335
0.133385
-0.0596606
0.000268095
-0.0411636
-0.0243777
0.0913781
0.031705
-0.0325405
0.0780535
0.0701004
0.0689745
-0.0208552
0.227421
-0.0621162
-0.168455
-0.000758792
-0.105835
-0.15342
0.119738
0.0791303
-0.102264
-0.0392316
0.0438153
0.00305332
0.092738
-0.158973
-0.0837219
-0.0480514
-0.108571
0.052059
0.0262619
-0.12426
-0.0450385
-0.0460843
-0.00201812
-0.0417827
0.17258
-0.0170444
-0.194184
0.0142133
-0.145557
-0.154603
0.0674252
0.0332876
-0.140768
-0.0608065
0.0407902
-0.00679781
0.0792367
-0.164097
-0.127688
-0.0347162
-0.148031
0.0360785
0.00875367
-0.168318
-0.101612
-0.143707
-0.121705
-0.145112
0.126007
0.00716919
-0.174952
0.00989665
-0.179403
-0.141819
0.0230173
-0.00577585
-0.173224
-0.129491
0.0610443
-0.0209783
0.0531477
-0.152257
-0.165985
-0.0506861
-0.181346
0.0409119
-0.0131861
-0.201495
-0.0939401
-0.189999
-0.121148
-0.168215
0.104325
0.0335544
-0.137643
0.0215209
-0.191586
-0.125166
0.0032506
-0.0209709
-0.184786
-0.155244
0.0998993
-0.00790456
0.0323439
-0.127652
-0.181217
-0.0622017
-0.19283
0.0793795
-0.0303383
-0.209046
-0.140935
-0.203991
-0.143761
-0.152241
0.0989675
0.0875242
-0.100125
0.0482577
-0.193067
-0.118233
-0.00130678
-0.0231471
-0.186296
-0.147799
0.0992811
0.00817148
0.0273093
-0.108643
-0.184217
-0.0583799
-0.193937
0.0971044
-0.0334572
-0.191865
-0.211183
-0.20513
-0.219994
-0.102394
0.100361
0.123736
-0.0644064
0.0465678
-0.19061
-0.122693
3.69102e-005
-0.0203169
-0.183925
-0.158018
0.0987651
0.0171
0.0292807
-0.097472
-0.182275
-0.0792753
-0.191343
0.101741
-0.0657451
-0.168481
-0.224558
-0.202115
-0.2426
-0.0931875
0.108225
0.148068
-0.0380945
0.0430711
-0.184308
-0.137334
0.00728865
-0.0128418
-0.177749
-0.170013
0.106161
0.0183879
0.0376854
-0.0792824
-0.175439
-0.123903
-0.185073
0.109275
-0.115045
-0.133271
-0.217482
-0.194891
-0.237836
-0.0685237
0.116936
0.158697
-0.0241266
0.0604011
-0.177975
-0.172629
0.015603
-0.00504253
-0.171497
-0.172201
0.114101
0.0272503
0.0473059
-0.0781994
-0.167631
-0.176571
-0.178843
0.114611
-0.175702
-0.0940435
-0.210425
-0.187593
-0.226023
-0.0263514
0.117198
0.147112
-0.0357832
0.0517937
-0.180037
-0.228495
0.0157319
-0.00614951
-0.173458
-0.176006
0.114084
0.0321846
0.0482337
-0.114087
-0.168109
-0.191075
-0.181001
0.0940433
-0.207697
-0.06887
-0.202778
-0.18907
-0.151194
0.0234749
0.110348
0.115324
-0.0639021
0.0159987
-0.188482
-0.265931
0.00932493
-0.0144489
-0.181219
-0.183913
0.107257
0.0247541
0.0415401
-0.155917
-0.175493
-0.169805
-0.188819
0.0644863
-0.219237
-0.0524606
-0.149385
-0.197672
-0.0979152
0.0136359
0.117421
0.083623
-0.0944441
-0.0101491
-0.185222
-0.252082
0.0171555
-0.00953719
-0.177218
-0.180175
0.0973684
0.0245428
0.0480913
-0.186965
-0.170765
-0.135563
-0.184408
0.0364339
-0.213603
-0.039642
-0.097474
-0.194543
-0.0816568
0.0127207
0.144919
0.0673232
-0.114917
-0.0257174
-0.165448
-0.219921
0.0453279
0.0140657
-0.157151
-0.160093
0.0659059
0.0246199
0.0739512
-0.211746
-0.148822
-0.0725894
-0.163355
0.0235692
-0.190768
-0.0435414
-0.0967053
-0.17447
-0.0448461
0.0268352
0.150343
0.0308395
-0.149278
-0.0305584
-0.145275
-0.182627
0.0650532
0.0304262
-0.136869
-0.138891
0.0341995
0.0227331
0.101088
-0.208658
-0.12666
0.01035
-0.142322
0.0238154
-0.167962
-0.0508089
-0.0406439
-0.154035
0.00293425
0.0614639
0.153174
-0.0217848
-0.157694
-0.0305469
-0.107083
-0.153706
0.0905027
0.0605648
-0.0996847
-0.100709
0.065745
0.0172412
0.151942
-0.165107
-0.0846998
0.0240305
-0.104094
0.0278723
-0.125717
-0.0441283
0.0488165
-0.111917
0.056886
0.0667536
0.162149
-0.0177401
-0.0526636
-0.00970726
-0.0167522
-0.0492901
0.147969
0.126689
-0.0124314
-0.0127984
0.120364
0.00473678
0.18181
-0.0514083
-0.0062871
0.00732101
-0.0149363
0.0209146
-0.0276295
0.010006
0.108584
-0.0187638
0.105506
0.0389112
0.203499
-0.0117804
-0.0960161
0.018376
-0.0559732
-0.0652113
0.287751
0.207435
-0.0526422
-0.0335552
-0.0450868
0.017796
0.0225161
-0.0612929
0.0388358
0.0106975
-0.0577657
-0.02967
-0.0666388
-0.066303
-0.00747275
0.0763792
0.0194006
-0.0386426
0.100915
-0.0432267
-0.227523
-0.030957
-0.187786
-0.0975174
0.195083
0.102987
-0.181379
-0.101263
-0.111729
-0.0467893
0.00982809
-0.0846909
-0.02183
-0.0543261
-0.190437
-0.137531
-0.173817
-0.205282
-0.0620521
0.049563
-0.0540896
-0.0917027
0.0296537
-0.0529333
-0.214184
-0.0982234
-0.238388
-0.0817657
0.12569
0.0412348
-0.232431
-0.144093
-0.0822139
-0.122618
0.0968806
-0.0481799
-0.0420484
-0.0749773
-0.237966
-0.197133
-0.194463
-0.261123
-0.0997967
-0.00593411
-0.171754
-0.154134
0.00785809
-0.0572241
-0.173133
-0.156883
-0.235234
-0.0653087
0.10565
0.0237301
-0.248072
-0.197281
-0.0263975
-0.165402
0.0981187
-0.0186843
-0.0404716
-0.0452388
-0.231289
-0.182165
-0.153638
-0.27618
-0.0929603
-0.0582691
-0.181937
-0.167173
0.0312614
-0.0521603
-0.130674
-0.193841
-0.20799
-0.0140317
0.119897
0.0373346
-0.23572
-0.186603
-0.0179703
-0.163153
0.0937608
0.0304431
-0.024635
0.0110311
-0.209956
-0.131964
-0.0818915
-0.261042
-0.0790407
-0.167515
-0.178379
-0.168055
0.149764
-0.0821861
-0.101828
-0.138943
-0.203585
0.0343248
0.158919
0.0492685
-0.22181
-0.184169
-0.0524594
-0.200482
0.103812
0.0724825
-0.0120989
0.0314215
-0.205572
-0.110056
-0.00983539
-0.246248
-0.136786
-0.22717
-0.246053
-0.10548
0.150279
-0.104459
-0.0621438
-0.105225
-0.201953
0.0787784
0.198431
0.0735579
-0.199765
-0.187421
-0.0730459
-0.216362
0.129641
0.0898346
0.0119299
0.00980489
-0.203716
-0.0844917
0.0301947
-0.223853
-0.230004
-0.225271
-0.255603
-0.0782908
0.0964046
-0.116054
-0.00550029
-0.139377
-0.17668
0.1034
0.204593
0.108463
-0.170819
-0.167406
-0.0469876
-0.213675
0.168148
0.0786313
0.0449882
-0.025894
-0.177882
-0.0462334
0.0299334
-0.192223
-0.214408
-0.194195
-0.224239
-0.0814579
0.107161
-0.111965
0.0405154
-0.0897167
-0.170623
0.0753056
0.201643
0.127738
-0.163152
-0.160468
-0.0368498
-0.210318
0.178799
0.0263262
0.0539873
-0.0878656
-0.170034
-0.0353984
0.00461728
-0.178994
-0.20265
-0.185605
-0.165113
-0.0375323
0.0972468
-0.0849593
0.0848287
-0.107632
-0.179578
0.0054757
0.191368
0.141813
-0.17207
-0.169037
-0.0463959
-0.191746
0.201505
-0.0205599
0.0448788
-0.180729
-0.179514
-0.0396111
-0.0693701
-0.148459
-0.148213
-0.194237
-0.0818387
-0.0428215
0.0856773
-0.0541936
0.0912063
-0.12813
-0.190816
-0.0723555
0.179392
0.123898
-0.183303
-0.180206
-0.0572966
-0.172341
0.216505
-0.0717531
0.0341494
-0.179058
-0.191617
-0.0431283
-0.151736
-0.09313
-0.0756351
-0.204984
-0.050473
-0.115674
0.0755965
-0.0112969
0.0610298
-0.0985713
-0.201627
-0.137727
0.169099
0.0886293
-0.193828
-0.191092
-0.0732635
-0.131158
0.162001
-0.129027
0.0248133
-0.150721
-0.202986
-0.0448035
-0.209453
-0.0633424
-0.0493801
-0.214845
0.0177928
-0.164342
0.0813767
0.021441
0.0150034
-0.0812739
-0.206993
-0.163661
0.127532
0.0576699
-0.197937
-0.196318
-0.116629
-0.101302
0.147185
-0.164662
0.0210126
-0.094945
-0.206852
-0.0569846
-0.233345
-0.0783348
-0.0239176
-0.219544
0.0220133
-0.144524
0.129715
0.0165118
-0.0268528
-0.0805471
-0.207369
-0.105949
0.0480955
0.00810116
-0.197114
-0.196495
-0.168963
-0.0632776
0.144324
-0.235772
0.0215873
-0.028259
-0.205215
-0.0287343
-0.234972
-0.0970855
-0.0287598
-0.189393
-0.0314721
-0.0329771
0.0495805
-0.00612301
-0.0772409
-0.0752681
-0.188395
-0.0737755
0.0168451
-0.0132996
-0.178132
-0.176678
-0.155187
-0.0286924
0.171565
-0.247977
0.0420426
-0.0152497
-0.184991
-0.0107084
-0.212587
-0.0981919
-0.0607676
0.0056134
-0.024274
0.0540147
-0.00242568
0.0211141
-0.0543671
-0.00108617
-0.0561494
-0.0453393
0.0642174
0.0445455
-0.0504777
-0.0491074
-0.0469666
0.0301931
0.270345
-0.0939814
0.124137
0.0523775
-0.0537925
0.0637743
-0.0688284
-0.00553162
-0.0296832
0.10563
0.0218926
0.131674
-0.0123343
0.106209
-0.0112949
0.141263
0.00603042
0.111281
0.0313677
0.0288712
0.00765932
0.0223579
-0.00818581
0.119926
-0.00475851
0.137558
0.070234
0.134813
0.00428718
-0.0168264
-0.00273573
-0.000253246
-0.0013166
0.0131759
0.0510434
0.0462895
-0.15378
0.0920971
-0.110917
0.0827841
-0.11392
0.0829823
-0.0823479
-0.0883137
-0.108949
-0.0307541
-0.0330513
0.0589868
0.00687477
0.114608
0.0754871
0.0727807
-0.113887
-0.16413
-0.132368
-0.126005
-0.0890456
-0.0445417
0.0327505
-0.0304029
-0.182259
0.0470272
-0.0542278
-0.0160633
-0.13867
-0.00502143
-0.109233
-0.116103
-0.133697
-0.028658
0.0759479
-0.0178866
0.15015
0.0177148
0.108537
0.0122708
-0.0834831
-0.190656
-0.157713
-0.150367
-0.0389556
0.0229326
0.0224059
-0.0338188
-0.114467
0.0101288
-0.0272348
-0.0595233
-0.0799231
-0.0109613
-0.0777119
-0.0928481
-0.120365
-0.0407251
0.0911481
-0.0222802
0.0335244
-0.0019251
0.181046
-0.0118382
0.0303409
-0.157693
-0.126532
-0.130408
0.0688711
0.153506
-0.00300723
-0.0818463
0.124804
-0.0218697
-0.0414494
-0.110472
-0.000980459
-0.017627
0.0811147
-0.0753114
-0.103474
-0.0444661
0.0166624
-0.0725135
-0.0874371
-0.00351397
0.197258
-0.0109848
0.024471
-0.133677
-0.0921159
-0.109973
0.162865
0.226571
-0.0418734
-0.09974
0.253044
-0.0989923
-0.0398385
-0.0664484
0.00372255
-0.055521
0.33357
-0.0753076
-0.0945245
-0.0731402
-0.0575872
-0.114484
-0.102427
-0.0451225
0.198929
0.06774
-0.0312362
-0.131786
-0.0340276
-0.100794
0.126764
0.198021
-0.108509
0.0302794
0.0123283
-0.0955356
-0.0115732
0.0825535
0.0339851
-0.040573
0.235479
-0.0414297
-0.0699869
-0.0645575
-0.0892356
-0.0968267
-0.0666611
-0.0313199
0.230032
0.183886
-0.0665453
-0.0995863
0.0566254
-0.0487245
0.0427534
0.11631
-0.0943119
0.0626047
-0.0705886
-0.0798329
0.0384287
0.0792591
-0.0240096
0.0232606
0.0273139
0.0331618
-0.0545869
-0.0515265
-0.0799763
-0.0787466
-0.0431442
0.0388737
0.2497
0.196713
-0.058655
-0.078674
0.162202
0.0295985
-0.0549363
0.0134871
-0.0577205
0.0709226
-0.10036
-0.108692
-0.0111391
0.0315405
-0.0853991
0.0658354
-0.0312967
0.209464
-0.0805744
-0.0769407
-0.108137
-0.105704
-0.073885
0.0427796
0.221469
0.0548562
-0.0846682
-0.107084
0.180279
0.0723512
-0.0351593
-0.078539
0.0338468
0.0120613
-0.104976
-0.110065
-0.042039
-0.0772965
-0.0892279
0.132713
-0.037247
0.212436
-0.0846273
-0.0808427
-0.111138
-0.107402
0.0120953
0.025654
0.216028
-0.0855422
-0.0889631
-0.106008
0.175822
0.124996
0.0738804
-0.0973609
0.106635
-0.098966
-0.12038
-0.10725
-0.0455365
-0.110704
-0.0996655
0.149024
-0.0529702
0.0181494
-0.0944891
-0.0912812
-0.126631
-0.113502
0.273858
-0.00216383
0.202249
-0.121596
-0.0995407
-0.0849287
0.142571
0.147414
0.142053
-0.108279
0.132593
-0.0484719
-0.108939
-0.0389187
0.00838628
-0.0284797
-0.0936253
0.0803097
-0.0445197
-0.0570936
-0.0892007
-0.0859775
-0.120275
-0.0706353
0.0716499
-0.00268232
0.211093
-0.0914515
-0.0950972
-0.0208899
0.0955473
0.152517
0.132119
-0.100478
0.173334
-0.0130247
-0.0326614
0.0259823
0.0393402
0.0522425
-0.0841176
0.0058372
-0.0476106
-0.0588873
-0.0802765
-0.0776711
-0.115168
0.00053563
-0.062864
0.00539544
0.22198
-0.0281389
-0.0865605
0.0141457
0.0247675
0.101061
0.0750624
-0.0899452
0.116091
-0.0546007
0.128396
0.0935742
0.0415058
0.0685042
-0.0993709
0.0524469
-0.115952
-0.101169
-0.093912
-0.0928332
-0.147194
0.0225967
-0.101289
-0.0575963
0.203916
0.00402999
-0.100394
0.0368233
-0.0860809
0.0140999
-0.0457092
-0.0873879
0.0806499
0.0324613
0.070264
0.0953163
0.0536834
0.0059159
-0.144932
0.0567539
-0.190443
-0.166778
-0.136448
-0.134595
-0.205812
0.0497472
-0.158548
-0.173639
0.155427
0.0580057
-0.142993
0.0646918
-0.154802
-0.0892887
-0.153994
0.143714
0.00811889
0.0908507
-0.0440747
0.0847854
0.083085
0.0501881
-0.0486573
0.0848312
-0.0750889
-0.0614198
-0.0431075
-0.0416873
-0.0814803
0.0763121
-0.0574643
-0.0764436
0.19911
0.0971245
-0.0466319
0.0984857
-0.0578399
-0.0357886
-0.0588674
0.217695
-0.0141205
0.101119
-0.0592674
0.125512
-0.0507393
0.127362
-0.0200601
0.145625
-0.0551957
-0.0409597
-0.00627447
-0.0170393
-0.0172022
0.105091
0.00837101
0.183053
-0.0209419
0.109806
0.125743
-0.0574448
-0.0359291
-0.0328428
-0.0354653
-0.0303715
-0.00940907
0.0797354
-0.176039
0.1243
-0.113023
0.126337
-0.0672697
0.0133741
-0.167653
-0.145396
-0.0922289
-0.0598402
0.0259414
0.112125
0.101035
0.0174894
-0.0794301
0.100533
0.0828765
-0.174076
-0.134773
-0.129257
-0.135229
-0.125995
0.0117428
0.0169367
-0.120587
0.0653548
-0.00223896
0.00552947
0.00174154
-0.0329701
-0.126669
-0.113088
-0.0665265
0.0243019
0.195977
0.0386133
0.111534
-0.0398537
0.0425492
0.0105721
0.126216
-0.133622
-0.103825
-0.0887663
-0.102424
-0.0993695
0.137167
-0.0408559
0.062267
0.0129646
0.00709747
-0.0595012
0.077845
-0.0283906
-0.0064092
-0.079273
-0.0394351
0.0712554
0.121946
-0.0267129
-0.0639462
-0.00997626
0.203684
-0.0473342
0.214718
-0.0875546
-0.0707336
-0.0248149
-0.0181615
-0.0555855
0.0947403
-0.0758323
0.185727
-0.0605207
0.0162725
-0.077732
0.141788
-0.0696007
0.240835
-0.0760252
-0.0324654
0.0330352
-0.0269293
-0.0688689
-0.082878
-0.0599948
0.153205
-0.0743873
0.193757
-0.0769482
-0.0619972
0.0444741
0.104761
0.0156346
-0.0153315
-0.0725603
0.109894
-0.0722613
0.00610467
-0.0639444
0.156608
-0.0799133
0.297994
-0.070511
-0.0350238
-0.0289934
-0.0688964
-0.0683535
-0.0794927
-0.0760637
0.0480498
-0.0050413
0.158424
-0.0723059
-0.0626249
0.11121
0.243365
0.118089
-0.0724526
0.0243613
-0.0874661
-0.0920299
0.00977385
0.0864079
0.139858
-0.0960022
-0.0228169
-0.0184039
-0.0548507
-0.068282
-0.0889801
-0.0896366
-0.0935537
-0.0942346
0.0223475
0.181867
0.122184
-0.089028
-0.0769448
0.14951
0.193525
0.199419
-0.0746323
0.0776342
-0.137786
-0.132631
-0.0906489
0.131618
0.0346848
-0.132883
-0.133044
0.162578
-0.0887772
-0.101946
-0.129383
-0.130339
-0.132923
-0.124373
-0.0132325
0.207872
0.0882925
-0.129456
-0.0915126
0.138887
0.0504716
0.216215
0.00656022
0.0771172
-0.125197
-0.118642
-0.118376
0.00409167
0.034447
-0.0965246
-0.12145
0.224315
-0.0793322
-0.0922697
-0.115336
-0.115757
-0.121951
-0.0527299
-0.0037722
0.0715725
0.097994
-0.11575
-0.0404585
0.143744
0.101264
0.176074
0.137889
-0.0426346
-0.0841339
-0.0771232
-0.0807363
-0.0755455
0.0689429
0.029236
-0.0824897
0.0463648
-0.0460697
-0.0600447
-0.0740068
-0.0740789
-0.0701321
0.0563716
0.0318044
-0.071829
0.13124
-0.0745659
0.0846564
0.135434
0.232498
0.087981
0.210857
-0.071663
-0.0754134
-0.0684655
-0.0648364
-0.0704184
0.0838988
0.167598
-0.0734774
-0.0588378
-0.0311429
-0.045884
-0.0666953
-0.0647077
0.178192
0.0535832
0.0420908
-0.0739796
0.146778
-0.0634634
0.153156
0.0842404
0.160466
0.00709221
0.104998
-0.0388863
-0.0552176
-0.0407672
-0.0149177
-0.044601
0.105819
0.149419
-0.0531468
-0.0460348
-0.0106518
-0.0257926
-0.048367
-0.0429714
0.186651
0.0590095
0.0637637
-0.0492277
0.16785
-0.00868711
0.2349
0.0311909
0.047216
-0.0264862
0.0809865
0.0350477
-0.0496787
0.0181113
0.0329332
0.00946843
0.104017
-0.0232416
-0.0558103
-0.0472463
-0.013223
-0.0281218
-0.0523483
-0.00931717
0.0431348
0.0500422
0.0637547
-0.0258263
0.158185
0.0736846
0.234093
-0.0113124
-0.0329974
0.0362905
0.144886
-8.39551e-005
0.0400376
0.0416557
-0.0170965
0.0400746
0.0425825
-0.0445112
-0.132018
-0.116275
-0.073175
-0.0893458
-0.131294
0.0139331
-0.120526
-0.043158
-0.00212967
-0.0164572
0.0633792
0.0973621
0.145331
-0.0991499
-0.11042
0.144127
0.11813
0.0178805
0.108975
0.101286
-0.0281926
0.0208967
-0.0204634
-0.00311924
-0.215363
-0.189808
-0.132427
-0.151332
-0.222061
0.0872988
-0.216237
-0.192595
-0.0713799
0.0639542
-0.050638
0.0762511
-0.0134942
-0.172807
-0.179321
0.166504
-0.0530894
0.0322958
0.00919857
0.120467
0.11801
0.0369481
0.0468989
0.127914
-0.0975432
-0.0802277
-0.0412557
-0.0578645
-0.103173
0.0840017
-0.0989676
-0.0978332
-0.00144992
0.0877671
-0.0298948
0.070156
-0.00294306
-0.0722404
-0.0748256
0.111447
-0.0419276
0.0376238
-0.10969
0.0972731
-0.103515
0.056362
0.025227
0.108266
-0.103412
-0.0896238
0.18719
-0.0702558
-0.0102039
0.0431936
0.0643724
0.143584
-0.081587
0.03965
0.151906
-0.106129
-0.0827994
-0.0793925
-0.0831679
-0.0785094
-0.0650409
0.088469
-0.235237
0.113742
-0.201173
0.0891036
0.0408932
-0.0379837
-0.229525
-0.210766
0.139074
-0.157069
0.0482359
0.0848478
0.0585122
-0.0468954
-0.141917
0.0778008
0.12369
-0.240013
-0.197429
-0.183943
-0.20051
-0.191981
-0.0797707
-0.0414227
-0.0630691
-0.019048
-0.0477441
-0.0744081
0.171324
-0.0941061
-0.11095
-0.154422
0.184471
-0.0534978
0.171085
-0.0398291
-0.0528495
-0.0760895
0.0712006
-0.0515117
0.171923
-0.168438
-0.142602
-0.0792943
-0.148836
-0.142147
0.133528
-0.117315
0.0616775
-0.105913
-0.00050901
-0.122163
0.220853
-0.118431
0.0612424
-0.117319
0.216584
0.0635913
-0.00780436
-0.113475
-0.101759
-0.0955187
0.111305
-0.121009
0.209716
-0.11839
-0.105571
0.0707321
-0.113597
-0.109093
0.0823676
-0.107463
0.0643598
-0.10352
0.0157721
-0.107067
0.235907
-0.107104
0.194477
-0.084512
0.228847
0.103831
-0.100999
-0.101718
-0.106268
-0.104122
-0.034703
-0.109001
0.220684
-0.103343
-0.0919143
0.165993
-0.085096
-0.0962443
-0.0820072
-0.103194
0.0370564
-0.101506
0.0207112
-0.104691
0.237577
-0.106179
0.168537
-0.00306291
0.226501
0.0973597
-0.0977581
-0.097526
-0.104335
-0.103749
-0.0952503
-0.0977132
0.214054
-0.098863
-0.0933134
0.163514
0.00686828
-0.0975552
-0.0887484
0.010791
-0.138345
-0.141843
-0.0981866
0.00394552
0.197272
-0.143314
-0.107773
0.0996426
0.18994
0.0563905
-0.137851
-0.138922
-0.141694
-0.141189
-0.132141
0.0415542
0.177081
-0.136923
-0.128232
0.0789884
0.163016
-0.120287
0.0104566
0.0997593
-0.212666
-0.207932
-0.206038
0.133652
0.140009
-0.20869
-0.206656
0.161642
0.136414
0.00411181
-0.204025
-0.205103
-0.20692
-0.205693
-0.19007
0.167022
0.122249
-0.202478
-0.184696
-0.062532
0.174792
-0.136937
0.10464
-0.0578692
-0.153825
-0.148738
-0.148127
-0.0531375
0.186215
-0.151958
-0.149276
0.195374
0.181773
0.0492683
-0.142982
-0.144386
-0.150412
-0.145326
-0.141539
0.130323
0.168633
-0.141547
-0.135093
-0.0838812
0.194817
0.0072637
0.167583
-0.0905251
-0.0910193
-0.0870878
-0.0871426
-0.0906821
0.239035
-0.068072
-0.0884136
0.171942
0.232743
0.0982734
-0.0813153
-0.0828826
-0.0678067
-0.00376398
-0.0867184
-0.0822963
0.220864
-0.0799793
-0.0823477
-0.070798
0.051746
0.176267
0.0619021
-0.101737
-0.103193
-0.0991936
-0.0998274
-0.101458
0.233946
0.15801
-0.100733
0.0142918
0.22781
0.093084
-0.0941834
-0.0942797
0.0989875
0.055128
-0.0959448
-0.105292
0.215983
-0.0916243
-0.0914148
-0.0873751
-0.0820472
0.214759
-0.0746365
-0.0917946
-0.0941792
-0.0905167
-0.0870826
-0.0929511
0.242377
0.114065
-0.0914061
-0.0673834
0.236033
0.100992
-0.0870414
-0.0870804
0.0794621
0.0382024
-0.0864935
-0.0956919
0.224517
-0.0757492
-0.0365322
-0.0793802
-0.0884178
0.230946
-0.0559957
-0.0488065
-0.0858533
-0.0934021
-0.0551059
-0.101232
0.231381
-0.103077
-0.103183
-0.10105
0.224748
0.0713955
-0.0989334
-0.0968353
0.0387012
0.0101054
-0.0965704
-0.103686
0.212217
0.00503945
0.0197007
-0.091671
-0.100228
0.231921
0.12604
0.0201406
-0.0642505
-0.0699415
-0.0720693
-0.0582931
0.174891
-0.156958
-0.181024
-0.168242
0.16827
-0.0730497
-0.180016
-0.0587037
-0.119603
-0.11534
-0.158953
-0.0728246
0.151949
0.129998
0.11213
-0.154823
-0.16316
0.12743
0.101318
-0.0371948
0.0197522
0.0885943
-0.0660941
0.0395501
0.109278
-0.033742
-0.271205
-0.246774
0.105285
-0.186913
-0.278053
0.0569252
-0.269101
-0.264603
-0.232094
0.040279
0.0359996
0.0340358
0.0597061
-0.230219
-0.235329
-0.0728328
-0.143727
-0.0386166
0.0537186
0.10978
0.0670727
0.026347
0.16503
0.0972897
-0.12577
-0.110703
0.149506
-0.0882698
-0.13005
0.0202485
-0.12652
-0.127243
-0.101742
0.0233618
0.0419648
-0.0129169
0.10781
-0.102022
-0.103913
-0.0752958
-0.0843881
0.0319768
-0.0981831
0.102644
-0.0949617
0.0744507
0.117759
0.0712558
-0.0913223
-0.0787063
0.144632
-0.0590665
0.0249807
0.0646542
0.144512
0.0910002
-0.0487789
0.0745919
0.00595749
-0.0966786
-0.0714484
-0.0680482
-0.0720297
-0.0670651
-0.0578032
0.107835
-0.201431
0.136702
-0.233739
0.0757003
0.125815
0.0401989
-0.21399
-0.211322
0.0857435
-0.174355
0.0784778
0.0836959
-0.0438497
0.0568581
-0.0255937
0.0641949
-0.0936622
-0.243825
-0.198231
-0.187166
-0.200866
-0.191062
-0.0730012
-0.00800758
0.0146826
-0.00826353
-0.0348754
-0.0189279
0.104652
-0.0709986
-0.0186228
-0.104285
0.177197
-0.0653118
0.174313
-0.00293297
-0.0212523
-0.045969
0.17034
-0.0176464
0.00996541
-0.124388
-0.0984537
-0.0407317
-0.10329
-0.0950401
0.188456
-0.0704587
0.0515937
-0.068727
0.104852
-0.0676229
0.0469337
-0.0713754
0.106307
-0.0190128
0.212626
0.0384303
0.0178507
-0.0610531
-0.0182532
-0.0652418
0.0393229
-0.066768
0.194339
-0.0706809
-0.0564149
0.116068
-0.0610617
-0.056676
0.128718
-0.079583
0.0435831
-0.0766064
0.101809
-0.0792002
0.0924534
-0.0788423
0.135202
0.0502231
0.201462
0.105906
-0.0682155
-0.0745204
-0.0706569
-0.0777358
-0.0626551
-0.0805686
0.168545
-0.0777885
-0.0654415
0.185071
-0.031085
-0.0670588
-0.0340468
-0.0986412
0.0391866
-0.0964156
0.0277768
-0.0989357
0.220604
-0.100519
0.150635
0.088979
0.178718
0.0891752
-0.0934768
-0.0921114
-0.10072
-0.0990578
-0.092454
-0.102142
0.00777665
-0.0949617
-0.0874179
0.167188
0.0708542
-0.0830974
0.06623
0.0660452
-0.0796289
-0.121138
-0.11955
0.0217977
0.0129338
-0.123156
-0.039879
0.115323
0.159937
0.0614865
-0.118994
-0.119031
-0.122847
-0.121928
-0.112064
0.0360355
-0.0179901
-0.119518
-0.10757
0.112218
0.200304
-0.071986
0.203458
0.201199
-0.161573
-0.157836
-0.157193
0.1896
-0.0382645
-0.158162
-0.156743
0.0595967
0.134109
0.0326743
-0.156701
-0.157195
-0.15663
-0.156987
-0.139705
0.204665
-0.0448217
-0.156261
-0.136057
0.0149513
0.213925
-0.0449656
0.140897
-0.0215279
-0.0804021
-0.0761877
-0.076125
0.018398
0.029678
-0.0786996
-0.0781769
0.0805323
0.200343
0.0975557
-0.0733044
-0.0737616
-0.0752106
-0.0768858
-0.0691744
0.240044
0.0225808
-0.0725242
-0.0636852
0.00732783
0.261581
0.118923
0.0537613
-0.0392486
-0.0412224
-0.0368308
-0.037348
-0.0394169
0.0629679
-0.022223
-0.0402005
0.198522
0.232396
0.128267
-0.0336552
-0.0333091
0.0420674
-0.00131359
-0.0359197
0.0341277
0.0561597
-0.0329269
-0.0236052
-0.00921731
0.133114
0.236106
-0.0255464
-0.0729994
-0.0766949
-0.0704503
-0.0729053
-0.0721814
0.0372764
0.234197
-0.0756202
0.20079
0.206722
0.103353
-0.0677314
-0.0656184
0.0918665
0.126284
-0.0667307
-0.0751293
0.0303346
-0.0669509
-0.0394918
-0.0533222
-0.0328985
0.223685
-0.0698126
-0.0551554
-0.0568732
-0.0559051
-0.0578831
-0.0576911
0.0514252
0.109204
-0.0592997
0.144725
0.22035
0.116613
-0.0541202
-0.0526496
0.0591914
0.119675
-0.0508611
-0.05908
0.0444666
-0.0494121
0.0746085
-0.0440388
-0.0485393
0.183235
-0.0160385
-0.01144
0.00504965
-0.0538681
-0.0371044
-0.055222
0.0543453
-0.0583535
-0.0573821
0.0263862
0.223205
0.102189
-0.0545201
-0.0440092
0.0509351
0.0591143
-0.0472118
-0.0456054
0.048862
0.0732903
0.146586
-0.0428515
-0.0494333
0.08191
0.177362
0.0943706
-0.0076631
-0.0280709
0.00645485
-0.0334141
-0.00210416
-0.116653
-0.133927
-0.11238
0.167107
-0.0321326
-0.136553
0.000922232
-0.0330477
-0.106609
-0.108865
-0.00774282
0.0426934
0.225512
0.170495
-0.106222
-0.111268
-0.0657458
0.154146
-0.050895
-0.0454144
0.143527
0.0479805
0.101114
-0.0813933
0.0206993
-0.230778
-0.205573
0.0897377
-0.149267
-0.238499
0.0807057
-0.206719
-0.232028
-0.191638
0.0668214
0.11105
0.037315
0.0928623
-0.191897
-0.194325
-0.184422
-0.102018
-0.0503929
0.137477
0.11205
0.0266942
0.0491238
0.0140175
0.128382
-0.0961826
-0.0823467
0.149444
-0.0603287
-0.0977886
0.0544683
-0.0947558
-0.0966869
-0.0727438
0.0510174
0.132
-0.0275594
0.114785
-0.0730919
-0.0748749
-0.0703695
-0.0564897
0.0883286
-0.0782078
0.147178
-0.0796513
0.0837663
0.189666
0.00547942
-0.0698209
-0.0621869
-0.0425241
-0.0415654
0.0892537
0.106589
0.168545
0.0125989
0.0499537
0.120879
-0.0450143
-0.0816206
-0.0543481
-0.0518514
-0.0559124
-0.0504322
-0.0283256
0.085241
-0.144347
0.140343
-0.211554
0.0589708
0.149568
0.0565964
-0.158311
-0.16597
-0.14518
-0.135335
0.0971959
0.0744628
0.0192515
0.0771754
0.071774
0.069734
-0.150449
-0.213868
-0.167761
-0.160012
-0.17006
-0.157448
-0.000413577
0.018776
0.0379011
0.018352
-0.0942119
0.0648898
-0.0370838
0.015305
0.0079199
-0.0235327
-0.0671632
-0.00252499
0.114001
0.0407368
-0.0104523
0.0589346
0.145486
0.0230444
-0.025451
-0.113623
-0.0840011
-0.0714457
-0.0613567
-0.060632
0.159518
-0.0440709
0.0592344
-0.0346361
0.0643371
0.00732784
-0.0363407
-0.0403258
0.0854968
0.0757514
-0.0337951
0.0809073
0.0485172
0.00676577
0.0360999
-0.0500057
0.0431273
-0.00748705
0.152528
-0.0604539
-0.0432399
-0.0091301
0.0779226
0.0161436
0.15988
-0.0679971
0.0453977
-0.0656549
0.206184
-0.0636051
0.0529994
-0.0687975
0.0884068
0.087397
-0.047376
0.0533651
-0.0306266
-0.0545559
-0.0189749
-0.0689723
-0.0353462
-0.0607945
0.120328
-0.067889
-0.0527396
0.0259717
0.181031
0.062348
0.167272
-0.0521927
0.0413294
-0.0710917
0.0881264
-0.0651698
0.220549
-0.0761682
0.12653
0.0895545
-0.0589616
-0.00779325
-0.0660629
-0.0668741
-0.0620155
-0.0749757
-0.0671438
-0.0712697
-0.0290241
-0.0706611
-0.0593411
0.0821884
0.233814
0.131067
0.224482
0.125409
0.065133
-0.0680167
-0.069804
0.0838961
-0.0201459
-0.0716804
0.0884349
0.106475
-0.0491329
-0.0368876
-0.0663017
-0.0657983
-0.0706898
-0.0703625
-0.0605835
0.067386
-0.0522282
-0.0685414
-0.0412164
0.146839
0.148463
0.204279
0.182384
0.220603
-0.0279311
-0.0720674
-0.0727724
0.198925
-0.052852
-0.0730108
-0.0382556
-0.0036886
-0.0489592
-0.0453383
-0.0715542
-0.0723505
-0.06204
-0.0725146
-0.0581467
0.227143
-0.0524042
-0.0732023
0.0168622
0.184484
0.0594023
0.229051
0.0448818
0.0510103
-0.0411822
-0.0389388
-0.0402052
0.108617
-0.0267076
-0.0206465
-0.0418603
0.00563302
-0.0238413
-0.020639
-0.0378028
-0.0379655
0.039804
-0.041477
-0.0316287
0.267583
-0.0269869
-0.0387208
0.115202
0.219899
0.181829
0.209523
-0.0325808
-0.0351334
-0.0395711
-0.0321447
-0.0359369
-0.0271694
-0.0218307
0.0989519
-0.039069
0.0792779
-0.0190868
-0.0163228
-0.0309461
-0.0289752
0.116176
0.0258049
-0.0290932
0.114695
-0.0218112
-0.0319054
0.207007
0.199145
0.27692
0.143586
-0.0325548
-0.0460415
-0.0451568
-0.0449361
-0.051042
-0.0478257
-0.0283204
0.241782
-0.0541593
0.12948
-0.0261937
-0.0235438
-0.0457728
-0.0416744
0.0565573
0.247875
-0.0385756
-0.0308621
-0.0285797
-0.0433346
0.238336
0.135513
0.192561
0.0486818
-0.035164
0.00965286
0.0386106
-0.0163813
-0.0191063
-0.0182421
-0.000275864
0.086744
-0.0235609
0.198047
0.00126676
0.00362424
-0.018276
-0.00330145
0.0715827
0.187899
-0.00916068
-0.00727006
-0.000149934
0.0337975
0.279481
0.0945441
0.094516
0.0115784
0.0712467
0.0771824
0.0852228
-0.0022594
0.0142531
-0.0178235
-0.0124579
-0.01895
-0.0408244
0.200942
-0.0108652
-0.00811058
-0.0390972
0.0524519
0.0643957
0.00115908
-0.022864
0.02641
-0.012128
0.196378
0.226165
0.0295858
-0.002533
-0.017602
0.155641
0.135455
0.00941534
0.0400227
0.121808
0.00907976
-0.0684242
-0.0123892
-0.112774
0.0693333
-0.065633
-0.0629415
-0.116386
0.0656341
-0.0042106
-0.111754
-0.0823466
0.0473103
-0.0503064
0.235058
0.100703
-0.0654872
-0.0819273
-0.0754409
0.142765
0.000831814
0.049004
0.177258
0.0842989
0.13577
-0.105724
0.0997258
-0.154813
-0.0804246
-0.102086
-0.0991624
-0.160719
0.0976725
-0.114963
-0.154745
-0.118506
0.105602
0.12618
0.0112297
-0.0320192
-0.114907
-0.120247
-0.111618
0.012565
-0.0097132
0.156041
0.175614
0.010421
0.148293
-0.0125743
0.172224
-0.0376719
-0.0236769
-0.0107313
-0.00863835
-0.0391999
0.124016
-0.03521
-0.0379478
-0.019217
0.119256
0.187889
-0.0195224
-0.00477868
-0.018368
-0.0198389
-0.0153562
0.000140413
0.119352
-0.0541679
0.142461
-0.0236657
0.0668074
0.170247
0.00541159
-0.0448115
-0.0421035
-0.0292029
-0.0242275
0.102727
0.0929185
0.0935378
-0.0290946
0.119431
0.102303
-0.0316991
-0.0594202
-0.0381594
-0.0364555
-0.0255928
0.0119859
0.0205614
0.035898
-0.157581
0.103392
-0.15809
-0.0034585
0.0845875
0.0240474
-0.163334
-0.139717
-0.155581
-0.102179
0.0499508
0.0311372
0.0801855
0.0189561
0.0423279
0.0453588
-0.160722
-0.217246
-0.177517
-0.171196
-0.0847568
-0.0518708
0.0148372
-0.0404447
-0.0513525
-0.00849223
-0.1398
-0.0105816
-0.0945287
0.0294711
-0.0835988
-0.0944215
-0.140159
-0.0468452
0.0245134
-0.0287532
0.0436365
0.080054
0.00510777
0.0499806
-0.123115
-0.198095
-0.160115
-0.155994
0.0323162
0.0147493
0.0706295
-0.050777
0.0195023
-0.0477349
-0.0699919
-0.00260349
-0.103525
0.0434724
-0.0028993
-0.049563
-0.0996281
-0.0231375
-0.00589079
-0.0180656
0.0556089
-0.00443025
-0.0165805
0.0112095
-0.0521801
-0.13808
-0.0876195
-0.110574
0.133088
0.114044
0.182584
-0.10116
0.0229887
-0.0867123
0.158938
-0.0468933
-0.030613
0.0122952
0.0383712
-0.0248074
-0.0815078
-0.0104638
-0.010997
-0.0422229
0.0717668
-0.0367085
-0.0465466
-0.02899
-0.0429428
-0.107765
-0.0199837
-0.0900224
0.134508
0.170354
0.198296
-0.0209573
0.0339009
-0.089501
0.265419
-0.0356651
0.060057
0.0156261
0.0913055
-0.00174227
-0.0659672
-0.032928
-0.0483465
-0.0759899
0.062762
-0.0212206
-0.0787092
-0.0367826
-0.0580687
-0.0882156
0.0732484
-0.0713836
0.0651712
0.165816
0.125451
0.0976741
0.0658991
-0.0754599
0.024477
0.0795882
-0.0131181
0.036427
0.149661
0.0019858
-0.046589
-0.0379029
-0.056058
-0.0715513
0.0700038
0.000837509
-0.0638127
0.051548
-0.0497885
-0.0666897
0.158775
-0.0386138
-0.00103017
0.139462
0.0601674
0.134462
0.0835241
-0.0755607
-0.0174184
0.100238
-0.0479089
0.0450566
0.134269
-0.0593069
-0.0440315
-0.0410134
-0.059182
-0.0725701
0.0947127
0.00104681
-0.0614953
0.163956
-0.047469
-0.0663243
0.20858
0.00635766
-0.0581008
0.0737291
-0.0450637
0.0619256
0.0536181
-0.0758382
-0.018088
0.0920353
-0.0490901
0.133551
0.0896199
-0.0684712
-0.0454491
-0.0418652
-0.0598843
-0.0725819
0.116049
0.0102494
-0.063221
0.197617
-0.0492674
-0.0658866
0.220173
0.0754399
0.0170829
-0.00252834
-0.0661347
-0.0706374
0.0374398
-0.0778425
-0.0224986
-0.0340386
-0.0513024
0.197805
0.0759176
-0.0368652
-0.0476631
-0.0447457
-0.0634176
-0.0732964
0.0619319
0.223494
-0.0667159
0.132115
-0.0514536
-0.0648084
0.186467
0.132826
0.14072
-0.0489964
-0.0672628
-0.0634654
0.0697985
-0.0830236
-0.0391012
-0.0948402
-0.0642419
0.176949
0.058161
0.0127245
-0.060359
-0.0579595
-0.0804571
-0.0636827
0.0299713
0.275701
-0.0807312
0.0278762
-0.0640949
-0.0339832
0.126384
0.160405
0.190527
-0.0718383
-0.0576651
-0.00949521
0.122598
-0.0472296
-0.00833115
-0.0747374
-0.0612187
0.0861657
0.0597543
0.0562406
-0.05711
-0.0550658
-0.0808856
0.0028051
0.0279828
0.0558303
-0.0761106
-0.0100711
-0.0604367
0.0486404
0.0522572
0.174998
0.160806
-0.0681683
0.0260272
-0.00522408
0.0867216
-0.0041783
0.0674776
-0.0452873
-0.0876803
0.064416
0.0202846
0.0303854
-0.0830621
-0.0817122
-0.123947
0.0227414
0.0128606
-0.0465432
-0.103773
-0.000586777
-0.0846505
0.130973
-0.0492161
0.116958
0.051195
-0.0951993
0.0276114
0.0460271
0.0548267
0.0317871
0.14604
-0.0244588
-0.120422
0.0717789
-0.0296703
0.0359173
-0.115893
-0.114457
-0.170999
-0.00472109
-0.0668462
-0.0941938
-0.138188
-0.00124278
-0.082677
0.0993965
-0.133509
0.0185277
-0.0653873
-0.128497
0.0423755
-0.0427574
0.0904818
0.131385
0.0104782
0.0953513
-0.105977
0.111138
-0.0116891
0.0701442
-0.102669
-0.0998178
-0.146979
0.0560952
-0.115471
-0.0728303
-0.121482
0.0668963
0.0426724
-0.0454996
-0.121924
-0.0294103
-0.105701
-0.112905
0.0396556
-0.0174257
0.0998795
0.157706
-0.0128933
0.148024
-0.00171804
0.138907
0.0665323
0.0863561
-0.000327175
0.00201687
-0.0181308
0.111938
-0.0217335
0.0254289
-0.00897805
0.102371
0.15105
-0.0189173
-0.00822036
0.0254008
-0.00921394
-0.00476685
0.0235453
0.0715064
-0.0834016
0.0736257
0.280358
0.00513776
-0.0414272
0.09422
-0.0685177
-0.0496552
-0.0409895
-0.00779326
0.0663394
0.0359952
-0.0576873
0.0521181
0.0391656
0.0105026
-0.0444425
0.000189665
-0.0404387
-0.0512077
0.0676607
0.065584
0.0725902
0.00814865
-0.206557
0.056776
0.196796
-0.0476109
-0.15656
0.0288073
-0.179367
-0.168142
-0.158609
-0.0696311
0.0168054
-0.00609316
-0.0799442
0.0534021
-0.0760113
-0.00411175
-0.164714
-0.0829938
-0.0998318
-0.180048
0.0285126
-0.0524519
0.00501432
-0.0426814
-0.183408
0.0268714
0.142311
-0.0672108
-0.200527
0.0518131
-0.175706
-0.225186
-0.196658
-0.134725
-0.00190908
-0.0471121
-0.015534
0.10868
-0.150775
-0.0435692
-0.2039
-0.122629
-0.0920861
-0.221468
-0.0477687
-0.0889284
-0.0268112
-0.0570773
-0.127401
-0.0575832
0.13471
-0.0895479
-0.209698
0.103078
-0.132668
-0.233747
-0.201589
-0.145671
-0.00148438
-0.0839911
0.0343042
0.126938
-0.172575
-0.111714
-0.209301
-0.0654559
-0.049835
-0.225003
-0.0884669
-0.0661331
-0.037284
-0.0564758
-0.0717478
-0.131895
0.152191
-0.105232
-0.196792
0.131628
-0.0612537
-0.221613
-0.190588
-0.131211
0.0205834
-0.0972652
0.0983705
0.13993
-0.180178
-0.158496
-0.198531
0.00374599
0.00979713
-0.212256
-0.0958086
-0.0610676
-0.059116
-0.0313171
-0.00528621
-0.164139
0.189705
-0.0607606
-0.17864
0.149321
0.0109632
-0.215509
-0.172828
-0.14073
0.0384599
-0.1182
0.143215
0.157348
-0.204349
-0.155965
-0.180287
0.0337284
0.0473189
-0.193556
-0.13644
-0.0933214
-0.0886613
0.0148738
0.0507252
-0.206383
0.181855
-0.0420339
-0.165089
0.161546
0.0863775
-0.214306
-0.158645
-0.147439
0.0462158
-0.145189
0.161954
0.170137
-0.19994
-0.102937
-0.165449
0.0453932
0.0518013
-0.180798
-0.192243
-0.146529
-0.162233
0.0329196
0.108415
-0.235124
0.182435
-0.0910265
-0.155622
0.17136
0.150599
-0.209415
-0.149106
-0.14787
0.0523494
-0.170423
0.118686
0.179709
-0.190938
-0.030281
-0.155613
0.0547864
0.00532998
-0.167307
-0.189501
-0.167522
-0.200825
0.0223686
0.17293
-0.237636
0.180473
-0.078103
-0.156104
0.171995
0.196012
-0.2111
-0.149594
-0.147493
0.0513577
-0.166092
0.0500853
0.180699
-0.192233
0.0368545
-0.156563
0.0535847
-0.0492803
-0.16445
-0.186413
-0.170521
-0.202383
-0.0569711
0.201714
-0.174861
0.179402
-0.133436
-0.157651
0.171371
0.220956
-0.210082
-0.150585
-0.148168
0.0518914
-0.118323
0.0096457
0.209224
-0.194002
0.0797016
-0.157964
0.057775
-0.118175
-0.14425
-0.113199
-0.171678
-0.194117
-0.0535976
0.156342
-0.122579
0.165209
-0.212909
-0.172069
0.14431
0.204589
-0.1813
-0.164093
-0.161752
0.0355434
-0.0907764
-0.0422062
0.181573
-0.207992
0.0717665
-0.171839
0.0672581
-0.185729
-0.111269
-0.014295
-0.185711
-0.155588
-0.063425
0.07535
-0.0935939
0.145059
-0.187273
-0.191306
0.0985132
0.169068
-0.157433
-0.182979
-0.18167
-0.0156646
-0.0764439
-0.102403
0.147112
-0.225652
0.0315614
-0.19107
0.0817349
-0.222886
-0.0810404
-0.0170155
-0.204429
-0.120108
-0.0712137
0.0125601
-0.0334872
0.151504
-0.138879
-0.191375
0.0622172
0.140581
-0.171366
-0.183876
-0.184382
-0.0710996
-0.0713093
-0.147602
0.149594
-0.222103
-0.00754339
-0.192326
0.0836894
-0.224589
-0.0544322
-0.030833
-0.203622
-0.130245
-0.0280183
-0.0271562
0.0267227
0.123387
-0.0532659
-0.174379
0.0218047
0.108025
-0.148233
-0.168336
-0.168935
-0.0809601
-0.0510627
-0.184368
0.173496
-0.200779
-0.0143375
-0.177015
0.0156032
-0.204194
-0.038811
-0.0394873
-0.185199
-0.0897642
-0.0689249
-0.0674169
0.0662126
0.102841
0.0368674
-0.126571
0.00266309
0.123549
-0.0658984
-0.122205
-0.121652
-0.0388926
0.00178141
-0.177803
0.236607
-0.148501
0.0066127
-0.12996
-0.00869541
-0.151041
-0.0136207
-0.0186332
-0.135466
0.0132277
-0.0222871
-0.0390646
0.0748236
0.0870174
0.0839053
-0.0235368
0.00674605
0.169335
0.0716308
-0.0213737
-0.0207093
0.029605
0.0489436
-0.0579455
0.29893
-0.0364333
0.0224091
-0.0253012
0.0269819
-0.0373916
0.0389376
0.00902233
-0.028523
0.0404858
0.0666926
-0.0244565
0.0128865
0.169456
0.0129289
0.00254604
0.0362842
-0.0207232
-0.00779058
0.0052443
0.0661983
0.0204936
0.023296
-0.0204414
0.144885
-0.00428369
-0.0139369
0.00327415
0.14979
0.104479
-0.00380428
0.139445
0.0251852
0.102579
0.0826289
-0.119689
0.0793591
0.153817
0.0217764
-0.070841
-0.0318344
-0.106878
-0.0900787
-0.0651027
0.0237397
0.03091
0.0512421
-0.113904
0.0974684
-0.0831969
-0.0544099
-0.0687324
0.112862
0.0907342
-0.0828039
0.000471036
-0.052397
0.037411
0.0934783
-0.144723
0.106623
0.112578
0.0360444
-0.099608
-0.0493446
-0.120373
-0.124593
-0.0927533
-0.0455635
0.0664174
0.0702079
-0.128756
0.0797849
-0.1154
-0.0517377
-0.0970517
0.0920735
0.0575057
-0.113426
-0.0701291
-0.0867246
-0.0212068
0.114091
-0.126962
0.0229395
0.0846082
0.0509579
-0.118416
-0.0538912
-0.115679
-0.149228
-0.112029
-0.0737632
0.0709907
0.0777406
-0.107255
0.0573036
-0.137938
-0.0894304
-0.116612
0.114857
0.0333473
-0.129342
-0.0776174
-0.101553
-0.0753341
0.151247
-0.0968737
-0.0426158
0.0639678
0.0695868
-0.132194
-0.0701364
-0.103441
-0.167792
-0.126387
-0.0744144
0.0912602
0.0927697
-0.0891884
0.0354986
-0.154293
-0.153663
-0.131348
0.155314
0.0070149
-0.139247
-0.104967
-0.127235
-0.0998673
0.175599
-0.0563317
-0.0810132
0.0621566
0.108624
-0.129769
-0.0711384
-0.0696652
-0.1683
-0.124608
-0.0852404
0.119527
0.120337
-0.0699149
0.0334713
-0.153321
-0.165037
-0.129728
0.171252
-0.00734483
-0.128568
-0.149898
-0.136149
-0.130638
0.187607
-0.0253917
-0.13157
0.0660582
0.0854618
-0.123942
-0.0666306
-0.0335691
-0.163939
-0.118918
-0.100985
0.150543
0.145428
-0.0540921
0.0376602
-0.148109
-0.119557
-0.124045
0.176507
-0.0533689
-0.105643
-0.148452
-0.131907
-0.161324
0.195146
-0.0102469
-0.185129
0.0665371
0.0307699
-0.12153
-0.0653648
-0.00307574
-0.162922
-0.116271
-0.110775
0.16859
0.153301
-0.0346988
0.0388993
-0.146202
-0.0540074
-0.121632
0.177676
-0.0983813
-0.0863104
-0.147021
-0.129537
-0.165126
0.191931
-0.0261419
-0.179609
0.0647914
0.00177244
-0.123155
-0.066584
0.0100284
-0.164438
-0.117601
-0.117381
0.168921
0.151259
-0.0408949
0.0378654
-0.147448
0.0214782
-0.123096
0.176626
-0.141068
-0.0568421
-0.149154
-0.130882
-0.165861
0.180718
-0.0463295
-0.103484
0.0567447
-0.00514764
-0.130822
-0.0741376
0.00314721
-0.171859
-0.124764
-0.125076
0.161531
0.12744
-0.0604597
0.0309486
-0.15481
0.0436058
-0.130585
0.169049
-0.159131
-0.0287491
-0.149046
-0.138102
-0.158375
0.174042
-0.0798041
-0.066146
0.0519547
-0.0447336
-0.13717
-0.0841146
-0.00478889
-0.174505
-0.130565
-0.131483
0.152813
0.0843337
-0.101988
0.026534
-0.160371
0.0479862
-0.136697
0.165567
-0.163922
0.00118994
-0.0873469
-0.144064
-0.108214
0.150422
-0.106679
-0.0573041
0.0521822
-0.0668778
-0.140554
-0.104753
-0.0148923
-0.159092
-0.134105
-0.135524
0.113512
0.0502911
-0.137445
0.0260601
-0.162287
0.0358493
-0.140445
0.161079
-0.165519
0.0227666
-0.0297053
-0.147326
-0.0736068
0.118169
-0.122904
0.0162482
0.0779356
-0.0177461
-0.123387
-0.105956
-0.021702
-0.144782
-0.118316
-0.11996
0.0833324
0.0303913
-0.157993
0.0503327
-0.142163
0.0339697
-0.124468
0.142721
-0.146502
0.0291903
-0.0359437
-0.129518
-0.074101
0.0927938
-0.130485
0.0754898
0.103961
0.0635971
-0.0956666
-0.101439
-0.0170725
-0.113576
-0.0920535
-0.0933802
0.0834339
0.0319766
-0.144433
0.0870326
-0.111271
0.0255728
-0.097818
0.108398
-0.116552
0.0207947
-0.0283353
-0.100877
-0.0563294
0.102507
-0.113705
0.0631623
0.130798
0.0924552
-0.0622957
-0.10147
-0.00728923
-0.0732417
-0.0596442
-0.0596634
0.0976331
0.0242792
-0.108286
0.131707
-0.075192
-0.0161956
-0.0645922
0.100805
-0.0797075
0.00737682
0.0379954
-0.0667458
0.0600085
0.114993
-0.0233956
0.0137978
0.156622
0.0755869
0.00685232
-0.0185465
0.0410309
0.0134953
0.00827469
0.00900207
0.138488
0.0154115
-0.0198607
0.155381
-0.00113713
-0.00601412
0.005608
0.122335
-0.00358531
0.0303462
0.11102
0.00377974
0.108473
0.0697514
0.0609804
0.0621105
0.0637865
0.0623615
0.0678058
0.0626691
0.0624275
0.0645104
0.0681083
0.128898
0.0618608
0.0633814
0.0627371
0.0626723
0.0667201
0.0620535
0.0676367
0.149754
0.161474
0.074005
0.0948594
0.0663581
0.0812553
0.0849678
0.037057
0.0602831
0.0399426
0.0671904
0.0485041
0.0398781
0.0396444
0.0434956
0.0497925
0.143992
0.0479462
0.0666529
0.0397793
0.0399409
0.0465517
0.0381417
0.0487313
0.143626
0.143281
0.0704498
0.0620266
0.0467876
0.0617613
0.11882
0.00508991
0.0922681
0.00862394
0.0999052
0.0247195
0.00973628
0.0100606
0.0170941
0.0273537
0.117916
0.0533657
0.103018
0.00926145
0.0096129
0.0212596
0.00706029
0.0257336
0.123643
0.0923852
0.0673744
0.0276391
0.0231808
0.0308938
0.135132
-0.0163514
0.079387
-0.0121438
0.139665
0.00873768
-0.0106112
-0.00973922
-0.000495434
0.0118208
0.0882171
0.0608921
0.152025
-0.0112629
-0.011064
0.00471038
-0.0108777
0.0100884
0.111184
0.0522332
0.0630626
0.00517277
0.00748741
-0.000870919
0.14403
-0.0290698
0.0401115
-0.0253303
0.171407
-0.00240562
-0.0234093
-0.0227468
-0.0123004
0.000830932
0.0797685
0.0658881
0.181775
-0.0241088
-0.0242689
-0.00630245
-0.0263465
-0.00097416
0.100245
0.0260382
0.073033
-0.00820402
-0.00341526
-0.016469
0.157803
-0.0377486
0.00923397
-0.035139
0.180655
-0.0106854
-0.0327081
-0.0327948
-0.0211869
-0.00742927
0.0807909
0.0735785
0.203025
-0.0336896
-0.0342492
-0.0144255
-0.0388308
-0.00941924
0.0897827
0.00850936
0.0812647
-0.0169006
-0.0115332
-0.0260113
0.191376
-0.0420077
-0.00939704
-0.0397419
0.146525
-0.0145559
-0.0368844
-0.0380668
-0.0254653
-0.0116107
0.0732611
0.0835917
0.222823
-0.0380489
-0.0392622
-0.0180835
-0.0433718
-0.0136676
0.0848814
-0.0135884
0.110945
-0.0210533
-0.0151353
-0.0304046
0.195767
-0.0403097
-0.0339137
-0.0381333
0.123093
-0.0129344
-0.0349404
-0.0369217
-0.0240137
-0.0101925
0.0682438
0.0870312
0.229436
-0.0361494
-0.0376322
-0.0162419
-0.0267536
-0.0123848
0.0866575
-0.0187802
0.147107
-0.0197634
-0.0132806
-0.0288964
0.192659
-0.044641
-0.0303814
-0.0411306
0.136065
-0.0155205
-0.0377401
-0.0402269
-0.0269224
-0.0128012
0.0643498
0.0841948
0.219657
-0.0388584
-0.0405578
-0.0188809
-0.00562277
-0.0151752
0.0837998
-0.0223635
0.162659
-0.0227261
-0.015783
-0.0318092
0.192468
-0.0456429
-0.005124
-0.0411173
0.153078
-0.0147616
-0.0379019
-0.0402534
-0.0266768
-0.0119711
0.0565544
0.0841505
0.204825
-0.0387691
-0.0405676
-0.0184157
0.0194655
-0.014478
0.0838345
-0.0217315
0.152746
-0.0222666
-0.0151817
-0.0311753
0.205481
-0.0332926
0.00565754
-0.028515
0.122669
-0.00336821
-0.0259861
-0.0279323
-0.0149791
-0.000815349
0.0471842
0.0972268
0.180434
-0.0265879
-0.0285708
-0.00702969
0.0418633
-0.00311978
0.096897
-0.0102531
0.133191
-0.00817779
-0.00409922
-0.0131298
0.210039
-0.0235447
0.0399915
-0.0185148
0.0766853
0.00543272
-0.0166724
-0.018021
-0.00586422
0.00785423
0.0455183
0.10571
0.155268
-0.0172391
-0.0190839
0.00163658
0.0507052
0.00569705
0.107174
-0.00110127
0.0919911
0.0247636
0.00435894
0.0130353
0.1861
-0.0149321
0.0826135
-0.0097861
0.0843331
0.0123232
-0.00827081
-0.00971628
0.00145954
0.0142371
0.0513503
0.105397
0.131194
-0.0091283
-0.0106977
0.0084906
0.0323966
0.0121622
0.11268
0.00572879
0.0551641
0.0376197
0.0110739
0.0372122
0.166865
0.00365975
0.0902496
0.00843366
0.141742
0.0259731
0.00953736
0.0075099
0.016865
0.0272924
0.0650236
0.110376
0.0866744
0.00850082
0.00711769
0.0230832
0.0222602
0.025565
0.107538
0.0200285
0.035214
0.0509724
0.0248812
0.053398
0.167883
0.0327133
0.0581213
0.0365109
0.137911
0.0473313
0.0368405
0.0346363
0.0410929
0.0482449
0.0869703
0.122432
0.0608848
0.0357376
0.0347461
0.0456942
0.0347348
0.0470994
0.106452
0.0433289
0.042229
0.0775479
0.046465
0.08211
0.168328
0.0628245
0.0633572
0.065939
0.0790795
0.0702448
0.064923
0.0633776
0.0667565
0.0708981
0.0950026
0.130603
0.0628836
0.0639961
0.0632912
0.0693868
0.06316
0.0703416
0.100588
0.0686274
0.0667196
0.126242
0.0696193
0.0934283
0.0879762
0.0880036
0.0882503
0.0880399
0.0880227
0.0890955
0.0882489
0.0881583
0.0884388
0.0892513
0.112385
0.0881834
0.0882142
0.0882564
0.0883048
0.0888568
0.0881282
0.0890708
0.0941984
0.113024
0.129
0.0897877
0.0887788
0.0886022
0.0777485
0.0779875
0.07828
0.0780405
0.0778876
0.0792473
0.0784727
0.0780158
0.0784362
0.0798601
0.143093
0.0780104
0.0779441
0.078446
0.0785502
0.0790579
0.0779969
0.0793198
0.0854435
0.0899612
0.161774
0.0787868
0.0789832
0.0786625
0.0726338
0.0707745
0.0712301
0.07079
0.0714425
0.0722891
0.0714764
0.0707134
0.0712988
0.0733922
0.165356
0.0712025
0.0712756
0.0714386
0.0715104
0.0720289
0.0707138
0.0724966
0.0782246
0.0761512
0.167844
0.0711658
0.0720921
0.0716272
0.0704667
0.0625198
0.0685034
0.062591
0.0772764
0.0651943
0.0635523
0.0627335
0.0636953
0.0666667
0.17179
0.0654305
0.0733414
0.0634871
0.0635369
0.0647165
0.062277
0.065548
0.069708
0.0656867
0.164407
0.0637248
0.0650845
0.063772
0.067544
0.0529667
0.0631746
0.053179
0.0894848
0.0572371
0.0543221
0.0536894
0.0550304
0.0590295
0.17431
0.059273
0.0792338
0.0543188
0.0542131
0.0564948
0.052545
0.0577052
0.0597804
0.0572276
0.15712
0.0553552
0.057152
0.0549015
0.0605467
0.0442808
0.0466859
0.0444892
0.0938877
0.0493113
0.0458122
0.0452227
0.046736
0.0513437
0.179361
0.0507141
0.0846755
0.0458634
0.0455783
0.0486121
0.0436133
0.0498518
0.0507782
0.0485686
0.172607
0.0471852
0.049302
0.0465406
0.0559951
0.0398196
0.0393951
0.0400273
0.0867207
0.045262
0.0413882
0.040839
0.0425063
0.0473809
0.193615
0.0460513
0.0919043
0.0414951
0.0410446
0.0445455
0.0390982
0.0457568
0.046173
0.0444019
0.173083
0.0430479
0.0452514
0.0422928
0.0551898
0.039066
0.0385438
0.0393175
0.0847854
0.044711
0.0406255
0.0400781
0.0418821
0.0467508
0.200276
0.0451808
0.0975795
0.0407721
0.0401829
0.0440147
0.0383892
0.0450945
0.0453514
0.0437232
0.173338
0.0425091
0.0446736
0.0416471
0.0604629
0.0441994
0.0436746
0.0443855
0.0816396
0.0491625
0.0455346
0.0449845
0.0467027
0.0510203
0.214139
0.0503375
0.100751
0.0457018
0.0450611
0.0485959
0.0437061
0.0494597
0.0505985
0.0481842
0.144573
0.0472454
0.0490325
0.0464792
0.0684156
0.0519192
0.0513928
0.0521265
0.0890628
0.0563198
0.0530172
0.0526758
0.0542412
0.0580437
0.211821
0.0581452
0.101444
0.053159
0.0526471
0.0557636
0.0515559
0.0566345
0.0584887
0.0553055
0.109004
0.0547748
0.0560206
0.054029
0.0797332
0.0629283
0.0635053
0.0631199
0.0785312
0.0665665
0.0637946
0.063543
0.0648994
0.068082
0.19855
0.0694717
0.101146
0.0638799
0.0634999
0.0660051
0.0627584
0.0668844
0.0697533
0.065521
0.0840267
0.0653233
0.0661706
0.0648091
0.0842802
0.067396
0.0765057
0.0677379
0.0882004
0.0712371
0.068247
0.0681393
0.0694176
0.0726904
0.189546
0.0740676
0.091615
0.068232
0.0680286
0.0705222
0.0672356
0.0715466
0.0743158
0.0700682
0.0709477
0.0700482
0.0707637
0.0695328
0.088336
0.0713068
0.0786864
0.071541
0.0937677
0.0744425
0.0720112
0.0718619
0.0728379
0.0756772
0.18244
0.0781642
0.0812189
0.0719147
0.0718138
0.0738312
0.0711367
0.0747249
0.078397
0.0734038
0.072425
0.0733538
0.0739762
0.0745789
0.0939617
0.0775265
0.0783546
0.0775898
0.094909
0.0795311
0.0780615
0.0778095
0.0784706
0.0803327
0.167527
0.0845189
0.0785984
0.0779146
0.0778649
0.0793233
0.0773168
0.0797595
0.0847339
0.0789284
0.0781195
0.0824772
0.0792496
0.0828067
0.0953254
0.0830726
0.0829173
0.0831045
0.0851989
0.0844457
0.0835041
0.0832783
0.0837202
0.0850351
0.159901
0.089406
0.0829054
0.0833713
0.0833362
0.0844354
0.0829418
0.0846303
0.0896687
0.0841257
0.0834372
0.0913408
0.0842365
0.0880799
0.0953828
0.0891682
0.089143
0.0891999
0.0890878
0.0897394
0.0893795
0.089252
0.0893794
0.0901128
0.143269
0.0937836
0.0890538
0.0892709
0.0892596
0.0898561
0.0890882
0.0898655
0.0908277
0.0897223
0.089258
0.100368
0.0896193
0.0918186
0.0964434
0.0964923
0.0965481
0.0964966
0.0964456
0.0965466
0.0965555
0.0964649
0.0964948
0.0965899
0.0971682
0.0965134
0.09646
0.096523
0.096582
0.0965837
0.09645
0.0965565
0.0964631
0.0966132
0.126826
0.096482
0.0965721
0.0964775
0.093426
0.0935178
0.0936457
0.0935271
0.0934343
0.0937258
0.093707
0.0934609
0.0935741
0.093934
0.102217
0.0935416
0.0934399
0.0936596
0.0937212
0.0937319
0.0934719
0.0937761
0.093473
0.093807
0.135587
0.0935108
0.093787
0.0935639
0.0906275
0.0907479
0.090878
0.0907344
0.0906758
0.0911391
0.0909784
0.0906559
0.090842
0.0916162
0.116868
0.0907283
0.0906282
0.0909484
0.090976
0.0910142
0.0907061
0.091246
0.0906831
0.0910787
0.125898
0.0907371
0.0911392
0.0909319
0.0883933
0.0885459
0.0886403
0.0884927
0.0885005
0.0890972
0.0887422
0.0884108
0.0886078
0.0898358
0.130903
0.0884934
0.0883864
0.0887673
0.0887304
0.0888205
0.0884899
0.0892638
0.0884471
0.088841
0.111141
0.0885052
0.0889953
0.0888536
0.0839855
0.0841714
0.0841745
0.0840606
0.0841639
0.0848444
0.0843123
0.0840261
0.0841826
0.0857994
0.14225
0.0840599
0.0839532
0.0843924
0.0842844
0.0844264
0.0840822
0.08507
0.0840072
0.0844081
0.111963
0.0841031
0.0846319
0.0845854
0.0794582
0.0796944
0.0796725
0.0795281
0.0796496
0.080473
0.0799118
0.0795264
0.0796927
0.0816038
0.149231
0.0795023
0.079423
0.0799863
0.0797949
0.0800191
0.0795616
0.0807353
0.0795034
0.0799747
0.124964
0.0796051
0.0802633
0.0801791
0.0786102
0.0788237
0.0787801
0.0786479
0.0788348
0.0796126
0.0789634
0.078655
0.0788448
0.0807928
0.15647
0.0785861
0.0785629
0.0790412
0.0788716
0.0790871
0.0786836
0.0798829
0.0786481
0.0790232
0.119618
0.0787661
0.0793148
0.0793628
0.0794861
0.0796542
0.0796036
0.0794955
0.0797415
0.0804533
0.0797026
0.0794986
0.0797022
0.0816474
0.166903
0.0794081
0.0794222
0.0797869
0.0796572
0.07984
0.0795363
0.0807341
0.0794958
0.0797602
0.101684
0.079633
0.0800469
0.0802496
0.0811218
0.0812596
0.0812062
0.0811215
0.081388
0.0820366
0.081255
0.0811237
0.0813249
0.0832176
0.171122
0.0810167
0.0810325
0.0813459
0.0812419
0.0814035
0.0811587
0.082321
0.081117
0.0813101
0.0877301
0.0812679
0.0815734
0.0818739
0.0818791
0.0820032
0.0819472
0.0818742
0.0821486
0.0827702
0.0819752
0.0818802
0.0820774
0.083938
0.171825
0.0817647
0.081778
0.0820678
0.0819755
0.082128
0.0819092
0.0830553
0.0818666
0.0820292
0.0824581
0.0820262
0.0822812
0.0826246
0.0824743
0.0825918
0.0825368
0.082464
0.0827431
0.0833476
0.0825593
0.0824733
0.0826714
0.0845054
0.16896
0.0823613
0.082373
0.0826497
0.0825631
0.0827087
0.0825037
0.0836316
0.0824569
0.0826103
0.0826491
0.0826207
0.0828696
0.0832173
0.0834898
0.0835959
0.0835531
0.0834743
0.0837489
0.0843141
0.0835674
0.0834861
0.0836713
0.085424
0.164234
0.0833815
0.0833926
0.0836556
0.0835686
0.0837034
0.0835143
0.0845803
0.0834781
0.0836125
0.0836573
0.0836194
0.0838604
0.0841964
0.0858657
0.0859519
0.0859156
0.0858426
0.0860954
0.0865393
0.0859205
0.0858514
0.0859951
0.0874422
0.155258
0.085775
0.0857746
0.0860115
0.0859197
0.0860389
0.0858915
0.0867666
0.0858449
0.0859657
0.0860109
0.0859451
0.0861732
0.086459
0.0901463
0.0902117
0.0901732
0.0901398
0.0903043
0.0905898
0.0901811
0.0901441
0.0902173
0.0911295
0.13943
0.0900811
0.0900816
0.0902392
0.0901671
0.0902635
0.0901631
0.0907265
0.0901404
0.0902375
0.0902379
0.0901872
0.090359
0.0905143
0.093199
0.0932552
0.093214
0.0932116
0.0932936
0.0934732
0.0932247
0.0932078
0.0932428
0.0937903
0.128265
0.0931441
0.0931541
0.0932529
0.0932068
0.0932887
0.0932113
0.0935383
0.0932099
0.0932842
0.0932446
0.0932137
0.0933306
0.0934243
0.0959864
0.0960161
0.0959997
0.0959949
0.0960294
0.0961301
0.0960014
0.0959878
0.0960081
0.0962934
0.117962
0.0959524
0.0959606
0.0960162
0.0959919
0.0960475
0.0959978
0.096159
0.0959825
0.0960264
0.0960111
0.0959867
0.0960451
0.0961046
